# Wed 11:30:27 26-Feb-2020
begin	identify fenegr8_feige34 - Ap 1
	id	fenegr8_feige34
	task	identify
	image	fenegr8_feige34 - Ap 1
	aperture	1
	aplow	139.47
	aphigh	144.94
	units	Angstroms
	features	30
	        549.72  8780.5156   8780.622   4.0 1 1 
	        748.48 8495.15833    8495.36   4.0 1 1 
	        831.42 8378.04489   8377.607   4.0 1 1 
	        886.76 8300.51886   8300.326   4.0 1 1 
	       1005.04 8136.49762   8136.406   4.0 1 1 
	       1146.92 7942.65925    7943.18   4.0 1 1 
	       1488.24 7488.87759   7488.872   4.0 1 1 
	       1526.68 7438.83568   7438.899   4.0 1 1 
	       1676.96 7245.23415   7245.167   4.0 1 1 
	       1732.91 7173.95013   7173.939   4.0 1 1 
	       1845.03 7032.39106   7032.413   4.0 1 1 
	       1927.25 6929.65479   6929.488   4.0 1 1 
	       2099.74 6717.07441   6717.043   4.0 1 1 
	       2131.57  6678.2827   6678.276   4.0 1 1 
	       2197.07 6598.87669   6598.953   4.0 1 1 
	       2251.83 6532.92358    6532.88   4.0 1 1 
	       2273.84 6506.53046   6506.528   4.0 1 1 
	       2361.39 6402.16883   6402.246   4.0 1 1 
	       2377.55 6383.01536   6382.991   4.0 1 1 
	       2418.66 6334.44411   6334.428   4.0 1 1 
	       2443.89 6304.74533    6304.79   4.0 1 1 
	       2476.34 6266.66816   6266.445   4.0 1 1 
	       2518.59 6217.30035   6217.281   4.0 1 1 
	       2564.97 6163.38248    6163.59   4.0 1 1 
	       2582.52 6143.04962   6143.062   4.0 1 1 
	       2623.17 6096.11243    6096.16   4.0 1 1 
	       2642.07 6074.36312   6074.338   4.0 1 1 
	       2680.85 6029.87544   6029.997   4.0 1 1 
	       2755.41 5944.89563    5944.83   4.0 1 1 
	       2837.14 5852.55934   5852.489   4.0 1 1 
	function spline3
	order 2
	sample *
	naverage 1
	niterate 0
	low_reject 3.
	high_reject 3.
	grow 0.
	coefficients	9
		3.
		2.
		1.
		3500.
		2085.41021346407
		1584.645381452231
		1180.420337936384
		845.3015390866216
		573.4548633764722

