# Tue 13:16:54 25-Feb-2020
begin	identify feargr7_feige34 - Ap 1
	id	feargr7_feige34
	task	identify
	image	feargr7_feige34 - Ap 1
	aperture	1
	aplow	141.09
	aphigh	143.89
	units	Angstroms
	features	36
	        375.21 7635.52549   7635.106   4.0 1 1 ArI
	        448.15 7511.76145  7514.6518   4.0 1 1 ArI
	        523.36 7385.05584  7383.9805   4.0 1 1 ArI
	        589.82 7273.84059  7272.9359   4.0 1 1 ArI
	        665.55 7147.99745  7147.0416   4.0 1 1 ArI
	        713.89 7068.12659  7067.2181   4.0 1 1 ArI
	        775.96 6966.09255  6965.4307   4.0 1 1 ArI
	        834.58 6870.28277  6871.2891   4.0 1 1 ArI
	        907.10 6752.46525  6752.8335   4.0 1 1 ArI
	       1116.08 6417.24268  6416.3071   4.0 1 1 ArI
	       1272.96 6169.65587   6170.174   4.0 1 1 ArII
	       1308.97 6113.28796  6114.9234   4.0 1 1 ArII
	       1638.15 5605.93394   5606.733   4.0 1 1 ArI
	       1794.92 5369.05288  5371.4892   4.0 1 1 ArI
	       1821.06 5329.83755  5328.0376   4.0 1 1 FeI
	       1860.49 5270.85949  5269.5366   4.0 1 1 FeI
	       1890.17 5226.58694  5227.1697   4.0 1 1 FeI
	       1930.37 5166.80028  5167.4873   4.0 1 1 FeI
	       2067.51 4964.49661  4965.0795   4.0 1 1 FeI
	       2124.56 4881.11212  4879.8635   4.0 1 1 ArII
	       2175.31 4807.33505  4806.0205   4.0 1 1 ArII
	       2204.30 4765.35873  4764.8646   4.0 1 1 ArII
	       2229.51 4728.96742  4726.8683   4.0 1 1 ArII
	       2279.08 4657.69194  4657.9012   4.0 1 1 ArII
	       2312.67 4609.60849  4609.5673   4.0 1 1 ArII
	       2326.08 4590.47315  4589.8978   4.0 1 1 ArII
	       2358.58  4544.1926  4545.0519   4.0 1 1 ArII
	       2440.11 4428.86236  4427.3039   4.0 1 1 ArII
	       2459.00 4402.30749  4404.7499   4.0 1 1 FeI
	       2497.07 4348.97113   4348.064   4.0 1 1 FeI
	       2606.99 4196.37758  4198.3036   4.0 1 1 ArII
	       2634.85 4158.05654  4158.5905   4.0 1 1 FeI
	       2652.96 4133.22108  4131.7235   4.0 1 1 ArI
	       2727.43  4031.7313  4033.8093   4.0 1 1 ArII
	       2962.92 3717.90019  3718.2065   4.0 1 1 ArII
	       3070.95 3577.75715  3576.6156   4.0 1 1 ArII
	function spline3
	order 2
	sample *
	naverage 1
	niterate 0
	low_reject 3.
	high_reject 3.
	grow 0.
	coefficients	9
		3.
		2.
		1.
		3500.
		1926.688543974445
		1365.524031953049
		895.9104597597766
		486.7064241559101
		204.2608938345566

