# Fri 16:48:45 16-Apr-2021
begin	identify hfosc1_gr7_lamp - Ap 1
	id	hfosc1_gr7_lamp
	task	identify
	image	hfosc1_gr7_lamp - Ap 1
	aperture	1
	aplow	138.97
	aphigh	140.13
	units	Angstroms
	features	39
	        186.81 7634.58529   7635.106   4.0 1 1 ArI
	        256.69 7514.68972  7514.6518   4.0 1 1 ArI
	        262.89 7504.09902  7503.8691   4.0 1 1 ArI
	        333.34 7384.31924  7383.9805   4.0 1 1 ArI
	        399.17 7273.26615  7272.9359   4.0 1 1 ArI
	        474.55 7147.10424  7147.0416   4.0 1 1 ArI
	        522.61 7067.20719  7067.2181   4.0 1 1 ArI
	        584.30 6965.24679  6965.4307   4.0 1 1 ArI
	        714.21 6752.62602  6752.8335   4.0 1 1 ArI
	        760.82 6677.00022  6677.2817   4.0 1 1 ArI
	        922.93 6416.49898  6416.3071   4.0 1 1 ArII
	       1113.87 6114.26203  6114.9234   4.0 1 1 ArII
	       1166.26 6032.11847  6032.1274   4.0 1 1 ArI
	       1242.85 5912.59806  5912.0853   4.0 1 1 ArI
	       1440.41 5607.54033   5606.733   4.0 1 1 ArI
	       1595.74 5371.18507  5371.4892   4.0 1 1 FeI
	       1624.69 5327.49252  5328.0376   4.0 1 1 FeI
	       1663.21 5269.53661  5269.5366   4.0 1 1 FeI
	       1731.26  5167.6623  5167.4873   4.0 1 1 FeI
	       1867.90 4965.14023  4965.0795   4.0 1 1 ArII
	       1926.05 4879.80415  4879.8635   4.0 1 1 ArII
	       1976.68 4805.93018  4806.0205   4.0 1 1 ArII
	       2004.91 4764.91508  4764.8646   4.0 1 1 ArII
	       2031.13 4726.93398  4726.8683   4.0 1 1 ArII
	       2078.87 4658.06448  4657.9012   4.0 1 1 ArII
	       2112.54 4609.71586  4609.5673   4.0 1 1 ArII
	       2126.40 4589.86782  4589.8978   4.0 1 1 ArII
	       2133.78 4579.31239  4579.3495   4.0 1 1 ArII
	       2157.75 4545.09131  4545.0519   4.0 1 1 ArII
	       2240.98 4427.01999  4427.3039   4.0 1 1 FeI
	       2272.05 4383.24787  4383.5445   4.0 1 1 FeI
	       2296.97 4348.26131   4348.064   4.0 1 1 ArI
	       2433.61  4158.4074  4158.5905   4.0 1 1 ArI
	       2452.94 4131.83532  4131.7235   4.0 1 1 ArII
	       2496.63 4072.05591      INDEF   4.0 1 1 
	       2502.64 4063.86364  4063.5939   4.0 1 1 FeI
	       2654.41 3859.62944  3859.9114   4.0 1 1 FeI
	       2680.82 3824.63855  3824.4436   4.0 1 1 FeI
	       2760.65 3719.93254  3719.9346   4.0 1 1 FeI
	function spline3
	order 3
	sample *
	naverage 1
	niterate 0
	low_reject 3.
	high_reject 3.
	grow 0.
	coefficients	10
		3.
		3.
		1.
		3500.
		1686.41459589006
		1317.808526904505
		1000.794239834762
		709.4533825777159
		458.3315998327942
		300.2857788174503

