# Sat 14:24:31 17-Apr-2021
begin	identify hfosc1_gr8_lamp - Ap 1
	id	hfosc1_gr8_lamp
	task	identify
	image	hfosc1_gr8_lamp - Ap 1
	aperture	1
	aplow	120.24
	aphigh	124.91
	units	Angstroms
	features	30
	        359.60 8780.68518   8780.622   4.0 1 1 
	        557.11 8495.18225    8495.36   4.0 1 1 
	        639.89  8377.5728   8377.607   4.0 1 1 
	        694.66 8300.40729   8300.326   4.0 1 1 
	        812.23 8136.47385   8136.406   4.0 1 1 
	        952.94 7943.22983    7943.18   4.0 1 1 
	       1292.85 7488.88572   7488.872   4.0 1 1 
	       1331.06 7438.86514   7438.899   4.0 1 1 
	       1480.57 7245.13531   7245.167   4.0 1 1 
	       1536.14 7173.92868   7173.939   4.0 1 1 
	       1647.62  7032.3983   7032.413   4.0 1 1 
	       1729.57 6929.45437   6929.488   4.0 1 1 
	       1901.00 6717.07366   6717.043   4.0 1 1 
	       1932.65 6678.30597   6678.276   4.0 1 1 
	       1997.76 6598.95845   6598.953   4.0 1 1 
	       2052.34 6532.88263    6532.88   4.0 1 1 
	       2074.21 6506.51909   6506.528   4.0 1 1 
	       2161.23 6402.23808   6402.246   4.0 1 1 
	       2177.38 6382.99664   6382.991   4.0 1 1 
	       2218.28  6334.4203   6334.428   4.0 1 1 
	       2243.32 6304.78598    6304.79   4.0 1 1 
	       2275.77 6266.49673   6266.445   4.0 1 1 
	       2317.67 6217.26199   6217.281   4.0 1 1 
	       2363.56 6163.60307    6163.59   4.0 1 1 
	       2381.20   6143.047   6143.062   4.0 1 1 
	       2421.57 6096.16649    6096.16   4.0 1 1 
	       2440.42   6074.334   6074.338   4.0 1 1 
	       2478.86 6029.97621   6029.997   4.0 1 1 
	       2553.09 5944.82928    5944.83   4.0 1 1 
	       2634.29 5852.49169   5852.489   4.0 1 1 
	function spline3
	order 3
	sample *
	naverage 1
	niterate 0
	low_reject 3.
	high_reject 3.
	grow 0.
	coefficients	10
		3.
		3.
		1.
		3500.
		1866.358164089013
		1545.28647461119
		1270.290565745499
		1028.225138720046
		815.3394373759477
		627.7897369406121

